0000000000000000000000000000000000000000000000000000000000000000000111110000100000000000000011
0000000000000000000000000000000000000000000000000000000000000000000100010000100000000000000111
0000000000000000000000000000000000000000000000000000000000000000000100010000010000000000000111
0000000000000000000000000000000000000000000000000011110111111000000110010000001000000000000011
0000000000000000011111111111111110000000000000000011110111100110000110011100001000000000000011
0000001110011100100000222222200001111111111111111100011000000001111000000111111000000000000011
1111110001100111100022222222111001010022220000000100011000000000000000000011000000000000110011
0000010000000111100222111111122222210222200000000100000000000000000000001111000000000000110111
0000010000000111100111100002222222212211111110011100000000000000000000001100000000000000000111
0000110011100100222222201111001111112210000000000000000000000000000000000000000000000000001101
0000000000100102222222001000000000000210000000000000000000000000000000000000000000000000001101
0000000000102102222200001000000000000010000000000000000000000000000000000000000000110000000011
1111111110122111111100111000000011111110000000000000000000000000000000000000000000110000000011
1000000000122222200000000000000011111110000000000000000000000000000000000000000000000000000011
1111111111122222000000000000000011111111100000000000000000000000000000000000000000000000000011
1111111111111111111111111111111111111111100000000011110000000011111111111000011001100000000111
1111111111111111111111111111111111111110111100111111111100001111100000000111011111111000000111
1111111111111111111111111111111100000000111111111100001100111100111111111111000110011110000111
1111111111111111111111111111111100000110000011000000000011110001111111111111000000000110011111
1111111111111111111111111111111111111111111111111111111111111111111111111111111111111111111111