111111111110011111111111
101111111110011111111001
100111111110011111111001
100111111110011111111001
100111111110011111111001
100111111110011111110001
100001111110011111100001
100001111000000111100001
100000001100000100000001
110000001000000100000001
111100001100011100000111
100100000110001000000101
111100000110011000000111
101100111110011111100111
101110111110011111100111
101011110010000101111111
101000011000000011000011
101111110000000011111111
101100000000000000001101
101100000000000000001111
101100000000000000000011
111100000000000000000011
110000110000000000001111
110110110000000000001111
110110000000000000000011
111000000000000000000111
111000000000000000000111
110011000000000000000011
110011000000000000000011
111000000000000000000111
111000000000000000000111
101100000000000001100111
101100000000000001111111
110011000000000000011001
110011110000000000011001
111000110000000001111001
111000000000000001100001
110000000000000001101101
110000000000000001101101
111000000000000000011001
111011000000000001111001
111011000000000001100001
111000000000000110000001
110000000000011110000001
110000000001111011000001
110110000001100011000001
110110000000000111111101
110000000000000111111111
111100000000000111111111
101100000000000111111111
111000000000000111111111
111011000000000111111111
101111000000001111111111
101100000000011111111111
100110000000011111111111
100110000000011111111111
110011000000011111111111
110011000000111111111111
101101100000011111111111
101101100000010011111111
100001100000000011111111
100001100000000001111111
111111100110000001111111
111111111110000111111111
111111111110000001111111
111111111111000001111111
111111111110000001111111
111111111100000001111111
111111110000011101111111
111111110000001101111111
111111110000110010111111
111111110011110001111001
111111110011110001111001
111111110011111011111001
111111110011111011111111
111111110000111011111111
111111110000000000010011
111111110000000000000011
111111100000000000000011
111111100000000100000011
111111100000011000000011
111111100011111111000011
111111120010000001000011
111111122010000001000011
111111122010000001000111
111111122211001001000111
111111122200001001000111
111111122200001001000111
111111112000001001000111
111111110000001001000111
111111110000001001000111
111111110200001001000111
111111112220001001000011
111111112222010001000011
111111122222210001000011
111111122200210011000011
111111122222010010000111
111111122220010010000111
111111112200010010001111
111111110000010010001111
111111110000010010001111
111111110022010010001111
111111110222100010000111
111111112222100010000111
111111120222100000010011
111111100022100000010011
111111100222100000010011
111111100022110010010011
111111110022200010010011
111111110022200010010011
111111112022200010010011
111111112222200010010011
111111112222000011010011
111111112222000001010011
111111112020000001010011
111111111000000001110011
111111110000000000000011
111111110000000000000011
111111100000000000000011